[PRT]	Protocol 1
[PRG]	Program 1
[SEQ]	Sequence 1
[COR]	act 2	  3.00	 19.99	  0.00	 -1.00	 -1.00	 -1.00	 -1.00	  5.00	 -1.00	 -1.00	 -1.00	 -1.00	 -1.00	  5.00	 -1.00	 -1.00	 -1.00	 -1.00
[COR]	act 3	 60.00	 90.00	 -1.00	  0.00	 -1.00	 -1.00	 -1.00	 -1.00	  1.00	 -1.00	 -1.00	 -1.00	 -1.00	 -1.00	  1.00	 -1.00	 -1.00	 -1.00
[COR]	stand 1	 85.00	 60.00	 -1.00	 -1.00	  0.00	 -1.00	 -1.00	 -1.00	 -1.00	  1.00	 -1.00	 -1.00	 -1.00	 -1.00	 -1.00	  1.00	 -1.00	 -1.00
[COR]	stand 2	100.00	 55.00	 -1.00	 -1.00	 -1.00	  0.00	 -1.00	 -1.00	 -1.00	 -1.00	 60.00	 -1.00	 -1.00	 -1.00	 -1.00	 -1.00	 60.00	 -1.00
[SEQ]	Sequence 2
[COR]	walk	60	 10.00	 -1.00	 -1.00	 -1.00	 -1.00	 -1.00	  1.00	  1.00	  0.00	  1.00	  1.00	  1.00	 -1.00	 -1.00	 -1.00	 -1.00	 -1.00
[COR]	stand	100	 30.00	  5.00	  0.00	  0.00	  5.00	  5.00	 -1.00	 -1.00	 -1.00	 -1.00	 -1.00	 -1.00	 -1.00	 -1.00	 -1.00	 -1.00	 -1.00
[COR]	sit	50	 60.00	 -1.00	 -1.00	 -1.00	 -1.00	 -1.00	 -1.00	 -1.00	 -1.00	 -1.00	 -1.00	 -1.00	  0.00	 10.00	 10.00	 10.00	 10.00
[PRG]	Program 2
[PRT]	Protocol 2
[PRG]	Program 2-1